Position: {
 	[-314,50,-198],
 	[-254,50,-97],
 	[-104,42.7999999999999,-46],
 	[102,28.399999999999693,-60],
 	[161,20.299999999999578,-162],
 	[210,36.69999999999953,-142],
 	[209,57.899999999999615,-45],
 	[133,45.99999999999959,100],
 	[27,8.799999999999544,-1.4999999999999716],
 	[-35,5.099999999999557,-46],
 	[-40,3.599999999999767,7],
 	[-85,5,90],
 	[26,5,120],
 	[66,45,-4],
 	[61,50,-71],
 	[-194,13.19999999999969,62],
 	[-20,-1.2000000000004416,5.900000000000033]
}

Front: {
	[-301,52,-171],
	[-208,50,-70],
	[-39,35.6999999999998,-41],
	[129,23.799999999999557,-76],
	[158,23.699999999999626,-164],
	[230,41.09999999999959,-129],
	[168,62.09999999999953,0],
	[101,44.79999999999952,90],
	[-5,-0.8000000000004377,3],
	[-9,4.999999999999858,-1],
	[-10,10,28],
	[-3,10,46],
	[45,10,82],
	[73,50,-97],
	[-163,23.799999999999557,51],
	[5,-0.8000000000004416,-3],
	[22,-5.400000000000439,-66]
}


Position: {
 	[-314,30,-158],
 	[-254,15,-82],
 	[-104,12.799999999999898,-46],
 	[87,13.399999999999693,-120],
 	[161,20.299999999999578,-162],
 	[210,36.69999999999953,-142],
 	[209,57.899999999999615,-45],
 	[133,45.99999999999959,100],
 	[27,8.799999999999544,-1.4999999999999716],
 	[-35,5.099999999999557,-46],
 	[-40,3.599999999999767,7],
 	[-85,5,90],
 	[26,5,120],
 	[66,45,-4],
 	[61,50,-71],
 	[-194,13.19999999999969,62],
 	[-20,-1.2000000000004416,5.900000000000033],
 }

 Front: {
 	[-308,30,-148],
 	[-248,15,-77],
 	[-98,12.799999999999898,-46],
 	[98,13.399999999999693,-125],
 	[167,20.299999999999578,-162],
 	[221,41.69999999999953,-137],
 	[210,57.899999999999615,-45],
 	[134,45.99999999999959,100],
 	[-5,-0.8000000000004377,3],
 	[-9,4.999999999999858,-1],
 	[-10,10,28],
 	[-3,10,46],
 	[45,10,82],
 	[73,50,-97],
 	[-163,23.799999999999557,51],
 	[5,-0.8000000000004416,-3],
 	[22,-5.400000000000439,-66]
 }


 Position: {
 	[-314,30,-158],
 	[-254,15,-82],
 	[-104,12.799999999999898,-46],
 	[87,13.399999999999693,-120],
 	[205,53.29999999999958,-98],
 	[231,51.69999999999953,-14],
 	[225,57.899999999999615,56],
 	[133,45.99999999999959,100],
 	[27,8.799999999999544,-1.4999999999999716],
 	[-35,5.099999999999557,-46],
 	[-40,3.599999999999767,7],
 	[-85,5,90],
 	[26,5,120],
 	[66,45,-4],
 	[61,50,-71],
 	[-194,13.19999999999969,62],
 	[-20,6.799999999999557,5.900000000000033]
}

Front: {
 	[-308,30,-148],
 	[-248,15,-77],
 	[-98,12.799999999999898,-46],
 	[100,15.399999999999693,-120],
 	[211,56.29999999999958,-87],
 	[232,55.69999999999953,6],
 	[220,57.899999999999615,62],
 	[111,45.99999999999959,101],
 	[-5,-0.8000000000004377,3],
 	[-9,4.999999999999858,-1],
 	[-10,10,28],
 	[-3,10,46],
 	[45,10,82],
 	[-88,50,6],
 	[-56,22.799999999999557,17],
 	[5,-0.8000000000004416,-3],
 	[22,-5.400000000000439,-66]
 }


Position: {
 	[-314,30,-158],
 	[-254,15,-82],
 	[-104,12.799999999999898,-46],
 	[87,13.399999999999693,-120],
 	[205,53.29999999999958,-98],
 	[231,51.69999999999953,-14],
 	[225,57.899999999999615,56],
 	[133,45.99999999999959,100],
 	[27,8.799999999999544,-1.4999999999999716],
 	[-35,5.099999999999557,-46],
 	[-40,3.599999999999767,7],
 	[-85,12,90],
 	[26,17,120],
 	[66,25,-4],
 	[61,39,-71],
 	[-125,13.19999999999969,-19],
 	[-13,6.799999999999557,5.900000000000033]
 }
Front: {
 	[-308,30,-148],
 	[-248,15,-77],
 	[-98,12.799999999999898,-46],
 	[100,15.399999999999693,-120],
 	[188,54.29999999999958,-76],
 	[222,51.69999999999953,-10],
 	[166,48.899999999999615,101],
 	[87,31.999999999999588,78],
 	[-5,-0.8000000000004377,3],
 	[-9,4.999999999999858,-1],
 	[-10,10,28],
 	[-3,10,46],
 	[45,10,82],
 	[-88,50,6],
 	[-56,22.799999999999557,17],
 	[5,-0.8000000000004416,-3],
 	[22,-5.400000000000439,-66]
 }

 	[-314,30,-158],
 	[-254,15,-82],
 	[-104,12.799999999999898,-46],
 	[87,13.399999999999693,-120],
 	[205,53.29999999999958,-98],
 	[231,51.69999999999953,-14],
 	[225,57.899999999999615,56],
 	[133,45.99999999999959,100],
 	[27,8.799999999999544,-1.4999999999999716],
 	[-35,5.099999999999557,-46],
 	[-40,3.599999999999767,7],
 	[-85,12,90],
 	[26,17,120],
 	[66,25,-4],
 	[56,38,-71],
 	[-125,13.19999999999969,-19],
 	[-13,6.799999999999557,5.900000000000033]
 }
 Front: {
 	[-308,30,-148],
 	[-248,15,-77],
 	[-98,12.799999999999898,-46],
 	[100,15.399999999999693,-120],
 	[188,54.29999999999958,-76],
 	[222,51.69999999999953,-10],
 	[166,48.899999999999615,101],
 	[87,31.999999999999588,78],
 	[-5,3.1999999999995623,3],
 	[-9,4.999999999999858,-1],
 	[-26,6,-2],
 	[-36,3,33],
 	[-34,6,54],
 	[-22,9,38],
 	[-10,6.799999999999557,16],
 	[5,1.1999999999995583,-3],
 	[-1,2.599999999999561,-1]