[170,0,136],
[79,0,124],
[-13,0,126],
[-93,0,122],


	[-135,0,217],
	[-130,0,178],
	[-125,0,153],
	[-122,0,134],

    [170,0,136],
 	[56,0,122],
 	[-37,0,126],
 	[-110,0,95],

    [-127,0,217],
 	[-126,0,163],
 	[-125,0,145],
 	[-127,0,120],

    [-110,0,95],
 	[-136,0,62],
 	[-150,0,-1],
 	[-141,0,-50],

    [-127,0,120],
	[-166,0,51],
	[-180,0,-19],
	[-164,0,-67],

    [-127,0,120],
	[-156,0,50],
	[-164,0,-1],
	[-157,0,-54],


    [44.699999999999534,11.49999999999996,73.49999999999915], 
	[-20.100000000000506,16.999999999999957,64.00000000000065], 
	[-64.00000000000057,17.499999999999865,64.90000000000074], 
	[-111.60000000000059,17.39999999999968,56.90000000000004], 
	[-151.69999999999945,21.299999999999578,50.199999999999825], 
	[-170.19999999999956,35.69999999999953,65.29999999999957], 
	[-150.90000000000043,31.899999999999615,101.59999999999916], 
	[-101.50000000000071,20.999999999999588,100.19999999999918], 
	[-118.50000000000054,4.799999999999544,22.499999999999574], 
	[-142.20000000000044,5.099999999999557,-29.599999999999966], 
	[-184.3999999999997,8.599999999999767,-81.49999999999997], 
	[-139.49999999999963,5,-93.3999999999999], 
	[-102.29999999999986,42,-87.20000000000016],

    Position: { sceneCamera.js:53:17
	44.699999999999534,11.49999999999996,73.49999999999915], 
	-20.100000000000506,16.999999999999957,64.00000000000065], 
	-64.00000000000057,17.499999999999865,64.90000000000074], 
	-111.60000000000059,17.39999999999968,56.90000000000004], 
	-151.69999999999945,21.299999999999578,50.199999999999825], 
	-170.19999999999956,35.69999999999953,65.29999999999957], 
	-150.90000000000043,31.899999999999615,101.59999999999916], 
	-101.50000000000071,20.999999999999588,100.19999999999918], 
	-118.50000000000054,4.799999999999544,22.499999999999574], 
	-142.20000000000044,5.099999999999557,-29.599999999999966], 
	-184.3999999999997,8.599999999999767,-81.49999999999997], 
	-139.49999999999963,5,-93.3999999999999], 
	-102.29999999999986,42,-87.20000000000016], 
	-34,40,-183], 
	-119,36,-185], 
	-167,12.19999999999969,-127], 
	-75,-1.2000000000004418,-58.099999999999966], 
} 
Front: { sceneCamera.js:58:17
	[114.19999999999935,16.699999999999967,125.39999999999938], 
	[18.299999999999557,50,80.50000000000071], 
	[-39.70000000000048,35.6999999999998,79.20000000000039], 
	[-101.50000000000065,18.799999999999557,76.70000000000002], 
	[-139.90000000000046,14.699999999999626,73.49999999999996], 
	[-154.50000000000048,13.09999999999959,89.59999999999961], 
	[-138.00000000000045,12.099999999999532,106.69999999999938], 
	[-123.90000000000052,12.799999999999523,35.699999999999875], 
	[-144.2000000000004,4.1999999999995605,-18.499999999999957], 
	[-155.39999999999992,8.999999999999858,-66.20000000000005], 
	[-149.49999999999957,7,-81.69999999999996], 
	[-129.39999999999972,27,-74.00000000000006], 
	
    -39,31,-123], 
	-86,24,-146], 


Position: { sceneCamera.js:53:17
	[43.59999999999953,12.599999999999959,121.8999999999989], 
	[-33.30000000000052,12.599999999999959,119.00000000000037], 
	[-103.60000000000036,14.199999999999864,74.8000000000007], 
	[-176.50000000000026,17.39999999999968,61.30000000000005], 
	[-183.59999999999928,21.299999999999578,107.39999999999962], 
	[-160.2999999999996,24.699999999999513,135.69999999999922], 
	[-126.70000000000056,27.49999999999961,143.39999999999895], 
	[-101.50000000000071,20.999999999999588,100.19999999999918], 
	[-118.50000000000054,4.799999999999544,22.499999999999574], 
	[-142.20000000000044,5.099999999999557,-29.599999999999966], 
	[-184.3999999999997,8.599999999999767,-81.49999999999997], 
	[-139.49999999999963,5,-93.3999999999999], 
} 
Front: { sceneCamera.js:58:17
	[149.39999999999918,12.299999999999969,131.99999999999935], 
	[6.199999999999557,12.599999999999959,121.2000000000005], 
	[-68.3000000000005,11.499999999999774,117.70000000000019], 
	[-119.10000000000056,11.099999999999556,89.89999999999995], 
	[-139.90000000000046,14.699999999999626,73.49999999999996], 
	[-154.50000000000048,13.09999999999959,89.59999999999961], 
	[-138.00000000000045,12.099999999999532,106.69999999999938], 
	[-123.90000000000052,12.799999999999523,35.699999999999875], 
	[-144.2000000000004,4.1999999999995605,-18.499999999999957], 
	[-155.39999999999992,8.999999999999858,-66.20000000000005], 
	[-149.49999999999957,7,-81.69999999999996], 
	[-129.39999999999972,27,-74.00000000000006], 
}

Position: { sceneCamera.js:53:17
	[43.59999999999953,12.599999999999959,121.8999999999989], 
	[-33.30000000000052,12.599999999999959,119.00000000000037], 
	[-103.60000000000036,14.199999999999864,74.8000000000007], 
	[-176.50000000000026,17.39999999999968,61.30000000000005], 
	[-183.59999999999928,21.299999999999578,107.39999999999962], 
	[-160.2999999999996,24.699999999999513,135.69999999999922], 
	[-126.70000000000056,27.49999999999961,143.39999999999895], 
	[-101.50000000000071,20.999999999999588,100.19999999999918], 
	[-118.50000000000054,19.099999999999543,22.499999999999574], 
	[-184.00000000000023,46.899999999999594,-30.699999999999967], 
	[-184.3999999999997,25.099999999999778,-81.49999999999997], 
	[-117.49999999999974,0.6000000000000001,-93.3999999999999], 
} 
Front: { sceneCamera.js:58:17
	[149.39999999999918,12.299999999999969,131.99999999999935], 
	[6.199999999999557,12.599999999999959,121.2000000000005], 
	[-68.3000000000005,11.499999999999774,117.70000000000019], 
	[-119.10000000000056,11.099999999999556,89.89999999999995], 
	[-134.4000000000005,14.699999999999626,138.39999999999964], 
	[-136.90000000000057,13.09999999999959,111.5999999999995], 
	[-136.90000000000046,12.099999999999532,85.79999999999949], 
	[-150.30000000000038,12.799999999999523,35.699999999999875], 
	[-158.5000000000003,11.899999999999558,-3.0999999999999583], 
	[-158.6999999999999,8.999999999999858,-32.100000000000016], 
	[-149.49999999999957,7,-56.40000000000004], 
	[-129.39999999999972,8.29999999999999,-60.800000000000104],

}



Position: {
	[43.59999999999953,12.599999999999959,121.8999999999989],
	[-33.30000000000052,12.599999999999959,119.00000000000037],
	[-103.60000000000036,14.199999999999864,74.8000000000007],
	[-176.50000000000026,17.39999999999968,61.30000000000005],
	[-183.59999999999928,21.299999999999578,107.39999999999962],
	[-161.3999999999996,24.699999999999513,47.69999999999957],
	[-92.60000000000073,27.49999999999961,53.19999999999935],
	[-78.40000000000083,20.999999999999588,66.09999999999935],
	[-118.50000000000054,19.099999999999543,22.499999999999574],
	[-184.00000000000023,46.899999999999594,-30.699999999999967],
	[-184.3999999999997,25.099999999999778,-81.49999999999997],
	[-117.49999999999974,0.6000000000000001,-93.3999999999999],

sceneCamera.js:57 }
sceneCamera.js:58 Front: {
 	[149.39999999999918,12.299999999999969,131.99999999999935],
 	[6.199999999999557,12.599999999999959,121.2000000000005],
 	[-68.3000000000005,11.499999999999774,117.70000000000019],
 	[-119.10000000000056,11.099999999999556,89.89999999999995],
 	[-134.4000000000005,14.699999999999626,138.39999999999964],
 	[-136.90000000000057,13.09999999999959,111.5999999999995],
 	[-136.90000000000046,12.099999999999532,85.79999999999949],
 	[-150.30000000000038,12.799999999999523,35.699999999999875],
 	[-158.5000000000003,11.899999999999558,-3.0999999999999583],
 	[-158.6999999999999,8.999999999999858,-32.100000000000016],
 	[-149.49999999999957,7,-56.40000000000004],
 	[-129.39999999999972,8.29999999999999,-60.800000000000104],

sceneCamera.js:62 }

Position: {
 	[43.59999999999953,12.599999999999959,121.8999999999989],
 	[-33.30000000000052,12.599999999999959,119.00000000000037],
 	[-103.60000000000036,14.199999999999864,74.8000000000007],
 	[-176.50000000000026,17.39999999999968,61.30000000000005],
 	[-183.59999999999928,21.299999999999578,107.39999999999962],
 	[-161.3999999999996,24.699999999999513,47.69999999999957],
 	[-92.60000000000073,27.49999999999961,53.19999999999935],
 	[27.199999999999164,95.79999999999949,17.6999999999993],
 	[-1.9000000000007597,75.19999999999953,-87.50000000000037],
 	[-136.70000000000047,46.899999999999594,-183.5999999999994],
 	[-170.09999999999977,25.099999999999778,-124.39999999999975],
 	[-117.49999999999974,0.6000000000000001,-93.3999999999999],
sceneCamera.js:57 }
sceneCamera.js:58 Front: {
 	[149.39999999999918,12.299999999999969,131.99999999999935],
 	[6.199999999999557,12.599999999999959,121.2000000000005],
 	[-68.3000000000005,11.499999999999774,117.70000000000019],
 	[-119.10000000000056,11.099999999999556,89.89999999999995],
 	[-134.4000000000005,14.699999999999626,138.39999999999964],
 	[-136.90000000000057,13.09999999999959,111.5999999999995],
 	[-136.90000000000046,12.099999999999532,85.79999999999949],
 	[-150.30000000000038,12.799999999999523,35.699999999999875],
 	[-158.5000000000003,11.899999999999558,-3.0999999999999583],
 	[-158.6999999999999,8.999999999999858,-32.100000000000016],
 	[-149.49999999999957,7,-56.40000000000004],
 	[-129.39999999999972,8.29999999999999,-60.800000000000104],

sceneCamera.js:62 }

Position: {
 	[43.59999999999953,12.599999999999959,121.8999999999989],
 	[-33.30000000000052,12.599999999999959,119.00000000000037],
 	[-103.60000000000036,14.199999999999864,74.8000000000007],
 	[-176.50000000000026,17.39999999999968,61.30000000000005],
 	[-203.39999999999918,21.299999999999578,89.79999999999971],
 	[-161.3999999999996,24.699999999999513,47.69999999999957],
 	[-92.60000000000073,27.49999999999961,53.19999999999935],
 	[27.199999999999164,95.79999999999949,17.6999999999993],
 	[-1.9000000000007597,75.19999999999953,-87.50000000000037],
 	[-136.70000000000047,46.899999999999594,-183.5999999999994],
 	[-170.09999999999977,25.099999999999778,-124.39999999999975],
 	[-117.49999999999974,0.6000000000000001,-93.3999999999999],
sceneCamera.js:57 }
sceneCamera.js:58 Front: {
 	[149.39999999999918,12.299999999999969,131.99999999999935],
 	[6.199999999999557,12.599999999999959,121.2000000000005],
 	[-68.3000000000005,11.499999999999774,117.70000000000019],
 	[-119.10000000000056,11.099999999999556,89.89999999999995],
 	[-134.4000000000005,14.699999999999626,131.79999999999967],
 	[-136.90000000000057,13.09999999999959,107.19999999999952],
 	[-136.90000000000046,12.099999999999532,85.79999999999949],
 	[-150.30000000000038,12.799999999999523,35.699999999999875],
 	[-158.5000000000003,11.899999999999558,-3.0999999999999583],
 	[-158.6999999999999,8.999999999999858,-32.100000000000016],
 	[-149.49999999999957,7,-56.40000000000004],
 	[-129.39999999999972,8.29999999999999,-60.800000000000104],
sceneCamera.js:62 }



Position: {
 	[43.59999999999953,12.599999999999959,121.8999999999989],
 	[-33.30000000000052,12.599999999999959,119.00000000000037],
 	[-103.60000000000036,14.199999999999864,74.8000000000007],
 	[-176.50000000000026,17.39999999999968,61.30000000000005],
 	[-181.3999999999993,21.299999999999578,90.89999999999971],
 	[-161.3999999999996,24.699999999999513,47.69999999999957],
 	[-92.60000000000073,27.49999999999961,53.19999999999935],
 	[27.199999999999164,95.79999999999949,17.6999999999993],
 	[-1.9000000000007597,75.19999999999953,-87.50000000000037],
 	[-136.70000000000047,46.899999999999594,-183.5999999999994],
 	[-170.09999999999977,25.099999999999778,-124.39999999999975],
 	[-117.49999999999974,0.6000000000000001,-93.3999999999999],
sceneCamera.js:57 }
sceneCamera.js:58 Front: {
 	[149.39999999999918,12.299999999999969,131.99999999999935],
 	[6.199999999999557,12.599999999999959,121.2000000000005],
 	[-68.3000000000005,11.499999999999774,117.70000000000019],
 	[-119.10000000000056,11.099999999999556,89.89999999999995],
 	[-134.4000000000005,14.699999999999626,141.69999999999962],
 	[-136.90000000000057,13.09999999999959,107.19999999999952],
 	[-136.90000000000046,12.099999999999532,85.79999999999949],
 	[-150.30000000000038,12.799999999999523,35.699999999999875],
 	[-158.5000000000003,11.899999999999558,-3.0999999999999583],
 	[-158.6999999999999,8.999999999999858,-32.100000000000016],
 	[-149.49999999999957,7,-56.40000000000004],
 	[-129.39999999999972,8.29999999999999,-60.800000000000104],
    
sceneCamera.js:62 }